- position_x: 81536.5703
  position_y: 50199.3632
  position_z: 34.2321
  orientation_x: +0.0099193127825856
  orientation_y: -0.0045161009766161
  orientation_z: -0.0861385315656662
  orientation_w: -0.9962236285209656
- position_x: 81726.4218
  position_y: 50069.6367
  position_z: 41.0830
  orientation_x: -0.0042670401744544
  orientation_y: +0.0036174126435071
  orientation_z: -0.6379052996635437
  orientation_w: +0.7700945734977722