- position_x: 81535.484375
  position_y: 50199.1953125
  position_z: 0
  orientation_x: 0
  orientation_y: 0
  orientation_z: 0.09
  orientation_w: 0.99594176536
- position_x: 81606.2578125
  position_y: 50592.60546875
  position_z: 0
  orientation_x: 0
  orientation_y: 0
  orientation_z: 0.08
  orientation_w: 0.99679486355
- position_x: 81677.9609375
  position_y: 50332.203125
  position_z: 0
  orientation_x: 0
  orientation_y: 0
  orientation_z: -0.64
  orientation_w: 0.76837490849
- position_x: 81556.4375
  position_y: 50010.53125
  position_z: 0
  orientation_x: 0
  orientation_y: 0
  orientation_z: -0.996
  orientation_w: 0.08935323161