- position_x: 81536.5703
  position_y: 50199.3632
  position_z: 34.2321
  orientation_x: +0.0099193127825856
  orientation_y: -0.0045161009766161
  orientation_z: -0.0861385315656662
  orientation_w: -0.9962236285209656