- position_x: 81535.484375
  position_y: 50199.1953125
  position_z: 0
  orientation_x: 0
  orientation_y: 0
  orientation_z: 0.089999999999999997
  orientation_w: 0.99594176536000001
- position_x: 81677.9609375
  position_y: 50332.203125
  position_z: 0
  orientation_x: 0
  orientation_y: 0
  orientation_z: -0.64000000000000001
  orientation_w: 0.76837490849000001