- position_x: 81606.5703
  position_y: 50592.8125
  position_z: 38.8930
  orientation_x: -0.0063908956944942
  orientation_y: -0.0027432984206825
  orientation_z: +0.0947873368859291
  orientation_w: +0.9954732656478882
- position_x: 81726.4218
  position_y: 50069.6367
  position_z: 41.0830
  orientation_x: -0.0042670401744544
  orientation_y: +0.0036174126435071
  orientation_z: -0.6379052996635437
  orientation_w: +0.7700945734977722